[FONT]
FONT_NAME = Segoe UI Semibold
FONT_SIZE = 28
FONT_CHARSET = 1
FONT_BOLD = 0
FONT_STRIKEOUT = 0
FONT_ITALIC = 0
FONT_UNDERLINE = 0
FONT_AA = 1
FONT_CLEARTYPE = 1
FONT_256 = 7
; 
[BACK_STYLE]
BACK_TRANS = 1
BACK_COLOR = 0
; 
[FONT_STYLE]
FONT_GRADIENT = 1
FONT_COLOR = 4194528
FONT_ALPHA = 255
FONT_GRAD = 0
FONT_DEGR = 246
; 
[OUT1_STYLE]
OUT1_STYLE = 2
OUT1_COLOR = 16646401
OUT1_GRAD = 0
OUT1_DEGR = 270
; 
[OUT2_STYLE]
OUT2_STYLE = 1
OUT2_COLOR = 0
OUT2_GRAD = 0
OUT2_DEGR = 270
; 
[SHADOW_STYLE]
SHADOW_STYLE = 0
SHADOW_COLOR = 8405056
SHADOW_XPOS = 1
SHADOW_YPOS = 2
SHADOW_ALPHA = 128
; 
[LIGHT_STYLE]
LIGHT_STYLE = 1
LIGHT_COLOR = 12779519
LIGHT_ALPHA = 224
LIGHT_VECTOR = 0
; 
[GRADIENT_FONT]
V2-0000-00 = 0.000000
V2-0000-01 = 2119792
V2-0001-00 = 0.030000
V2-0001-01 = 1593464
V2-0002-00 = 0.070000
V2-0002-01 = 3172488
V2-0003-00 = 0.140000
V2-0003-01 = 2117744
V2-0004-00 = 0.200000
V2-0004-01 = 4227216
V2-0005-00 = 0.280000
V2-0005-01 = 12646648
V2-0006-00 = 0.390000
V2-0006-01 = 5277856
V2-0007-00 = 0.470000
V2-0007-01 = 3172472
V2-0008-00 = 0.570000
V2-0008-01 = 2117736
V2-0009-00 = 0.680000
V2-0009-01 = 3174544
V2-0010-00 = 0.750000
V2-0010-01 = 3176608
V2-0011-00 = 0.850000
V2-0011-01 = 6338776
V2-0012-00 = 0.930000
V2-0012-01 = 12120312
V2-0013-00 = 1.000000
V2-0013-01 = 4227216
; 
[GRADIENT_OUT1]
V2-0000-00 = 0.150000
V2-0000-01 = 10360
V2-0001-00 = 0.222500
V2-0001-01 = 4258040
V2-0002-00 = 0.282500
V2-0002-01 = 544912
V2-0003-00 = 0.850000
V2-0003-01 = 56
V2-0004-00 = 0.492500
V2-0004-01 = 2662640
V2-0005-00 = 0.517500
V2-0005-01 = 1601720
V2-0006-00 = 0.542500
V2-0006-01 = 536680
V2-0007-00 = 0.567500
V2-0007-01 = 2679032
V2-0008-00 = 0.770000
V2-0008-01 = 3193080
V2-0009-00 = 0.727500
V2-0009-01 = 9478320
V2-0010-00 = 0.670000
V2-0010-01 = 6208
V2-0011-00 = 0.645000
V2-0011-01 = 8
; 
[GRADIENT_OUT2]
V2-0000-00 = 0.000000
V2-0000-01 = 255
V2-0001-00 = 0.200000
V2-0001-01 = 65535
V2-0002-00 = 0.400000
V2-0002-01 = 16776960
V2-0003-00 = 1.000000
V2-0003-01 = 16711680
