[FONT]
FONT_NAME = Calibri
FONT_SIZE = 31
FONT_CHARSET = 1
FONT_BOLD = 256
FONT_STRIKEOUT = 0
FONT_ITALIC = 0
FONT_UNDERLINE = 0
FONT_AA = 1
FONT_CLEARTYPE = 1
FONT_256 = 7
; 
[BACK_STYLE]
BACK_TRANS = 1
BACK_COLOR = 0
; 
[FONT_STYLE]
FONT_GRADIENT = 1
FONT_COLOR = 4194528
FONT_ALPHA = 255
FONT_GRAD = 0
FONT_DEGR = 443
; 
[OUT1_STYLE]
OUT1_STYLE = 0
OUT1_COLOR = 0
OUT1_GRAD = 0
OUT1_DEGR = 450
; 
[OUT2_STYLE]
OUT2_STYLE = 0
OUT2_COLOR = 0
OUT2_GRAD = 0
OUT2_DEGR = 450
; 
[SHADOW_STYLE]
SHADOW_STYLE = 2
SHADOW_COLOR = 0
SHADOW_XPOS = 0
SHADOW_YPOS = 1
SHADOW_ALPHA = 128
; 
[LIGHT_STYLE]
LIGHT_STYLE = 3
LIGHT_COLOR = 16777215
LIGHT_ALPHA = 225
LIGHT_VECTOR = 0
; 
[GRADIENT_FONT]
V2-0000-00 = 0.000000
V2-0000-01 = 2119792
V2-0001-00 = 0.030000
V2-0001-01 = 1593464
V2-0002-00 = 0.070000
V2-0002-01 = 3172488
V2-0003-00 = 0.140000
V2-0003-01 = 2117744
V2-0004-00 = 0.200000
V2-0004-01 = 4227216
V2-0005-00 = 0.280000
V2-0005-01 = 12646648
V2-0006-00 = 0.390000
V2-0006-01 = 5277856
V2-0007-00 = 0.470000
V2-0007-01 = 3172472
V2-0008-00 = 0.570000
V2-0008-01 = 2117736
V2-0009-00 = 0.680000
V2-0009-01 = 3174544
V2-0010-00 = 0.750000
V2-0010-01 = 3176608
V2-0011-00 = 0.850000
V2-0011-01 = 6338776
V2-0012-00 = 0.930000
V2-0012-01 = 12120312
V2-0013-00 = 1.000000
V2-0013-01 = 4227216
; 
[GRADIENT_OUT1]
V2-0000-00 = 0.150000
V2-0000-01 = 16316664
V2-0001-00 = 0.850000
V2-0001-01 = 16316664
V2-0002-00 = 0.815000
V2-0002-01 = 524288
V2-0003-00 = 0.762500
V2-0003-01 = 16316664
V2-0004-00 = 0.707500
V2-0004-01 = 4737096
V2-0005-00 = 0.680000
V2-0005-01 = 16316664
V2-0006-00 = 0.655000
V2-0006-01 = 8421504
V2-0007-00 = 0.587500
V2-0007-01 = 12632256
V2-0008-00 = 0.495000
V2-0008-01 = 4737096
V2-0009-00 = 0.427500
V2-0009-01 = 16316664
V2-0010-00 = 0.350000
V2-0010-01 = 12632256
V2-0011-00 = 0.272500
V2-0011-01 = 16316664
V2-0012-00 = 0.250000
V2-0012-01 = 8421504
; 
[GRADIENT_OUT2]
V2-0000-00 = 0.000000
V2-0000-01 = 7897232
V2-0001-00 = 0.040000
V2-0001-01 = 6846600
V2-0002-00 = 0.140000
V2-0002-01 = 7897232
V2-0003-00 = 0.260000
V2-0003-01 = 5791856
V2-0004-00 = 0.370000
V2-0004-01 = 3684416
V2-0005-00 = 0.450000
V2-0005-01 = 0
V2-0006-00 = 0.520000
V2-0006-01 = 11579568
V2-0007-00 = 0.570000
V2-0007-01 = 16316664
V2-0008-00 = 0.730000
V2-0008-01 = 15263960
V2-0009-00 = 0.820000
V2-0009-01 = 13682872
V2-0010-00 = 0.890000
V2-0010-01 = 12103840
V2-0011-00 = 1.000000
V2-0011-01 = 12103832
